              0	 -0.145	 -0.065
              1	 -0.145	 -0.065
              2	 -0.145	 -0.065
              3	 -0.145	 -0.065
              4	 -0.145	 -0.065
              5	 -0.145	 -0.065
              6	 -0.145	 -0.065
              7	 -0.145	 -0.065
              8	 -0.120	 -0.080
              9	 -0.135	 -0.080
             10	 -0.145	 -0.085
             11	 -0.150	 -0.085
             12	 -0.160	 -0.075
             13	 -0.155	 -0.070
             14	 -0.160	 -0.070
             15	 -0.175	 -0.065
             16	 -0.180	 -0.055
             17	 -0.185	 -0.050
             18	 -0.170	 -0.050
             19	 -0.155	 -0.040
             20	 -0.175	 -0.040
             21	 -0.180	 -0.055
             22	 -0.190	 -0.075
             23	 -0.180	 -0.080
             24	 -0.155	 -0.085
             25	 -0.135	 -0.070
             26	 -0.155	 -0.080
             27	 -0.190	 -0.080
             28	 -0.205	 -0.090
             29	 -0.235	 -0.095
             30	 -0.225	 -0.090
             31	 -0.245	 -0.095
             32	 -0.250	 -0.110
             33	 -0.260	 -0.120
             34	 -0.275	 -0.145
             35	 -0.275	 -0.135
             36	 -0.275	 -0.105
             37	 -0.265	 -0.095
             38	 -0.255	 -0.105
             39	 -0.265	 -0.120
             40	 -0.275	 -0.135
             41	 -0.290	 -0.125
             42	 -0.290	 -0.125
             43	 -0.290	 -0.115
             44	 -0.290	 -0.115
             45	 -0.285	 -0.125
             46	 -0.295	 -0.140
             47	 -0.305	 -0.140
             48	 -0.285	 -0.130
             49	 -0.275	 -0.125
             50	 -0.275	 -0.140
             51	 -0.280	 -0.145
             52	 -0.285	 -0.150
             53	 -0.305	 -0.150
             54	 -0.290	 -0.130
             55	 -0.300	 -0.115
             56	 -0.280	 -0.125
             57	 -0.290	 -0.135
             58	 -0.300	 -0.160
             59	 -0.315	 -0.195
             60	 -0.320	 -0.200
             61	 -0.335	 -0.205
             62	 -0.360	 -0.225
             63	 -0.385	 -0.255
             64	 -0.385	 -0.300
             65	 -0.405	 -0.290
             66	 -0.455	 -0.235
             67	 -0.485	 -0.130
             68	 -0.485	 -0.035
             69	 -0.425	  0.050
             70	 -0.330	  0.120
             71	 -0.220	  0.200
             72	 -0.070	  0.310
             73	  0.120	  0.435
             74	  0.375	  0.535
             75	  0.620	  0.580
             76	  0.780	  0.475
             77	  0.840	  0.210
             78	  0.765	 -0.085
             79	  0.520	 -0.230
             80	  0.170	 -0.250
             81	 -0.165	 -0.215
             82	 -0.365	 -0.180
             83	 -0.435	 -0.185
             84	 -0.425	 -0.160
             85	 -0.370	 -0.150
             86	 -0.330	 -0.150
             87	 -0.325	 -0.180
             88	 -0.335	 -0.180
             89	 -0.345	 -0.160
             90	 -0.330	 -0.165
             91	 -0.325	 -0.170
             92	 -0.315	 -0.165
             93	 -0.310	 -0.185
             94	 -0.320	 -0.185
             95	 -0.335	 -0.185
             96	 -0.340	 -0.170
             97	 -0.325	 -0.160
             98	 -0.345	 -0.155
             99	 -0.335	 -0.175
            100	 -0.330	 -0.195
            101	 -0.335	 -0.185
            102	 -0.330	 -0.185
            103	 -0.325	 -0.175
            104	 -0.330	 -0.175
            105	 -0.330	 -0.195
            106	 -0.345	 -0.190
            107	 -0.355	 -0.180
            108	 -0.335	 -0.165
            109	 -0.325	 -0.170
            110	 -0.305	 -0.170
            111	 -0.320	 -0.170
            112	 -0.320	 -0.190
            113	 -0.330	 -0.185
            114	 -0.340	 -0.180
            115	 -0.335	 -0.170
            116	 -0.340	 -0.175
            117	 -0.345	 -0.190
            118	 -0.355	 -0.200
            119	 -0.355	 -0.195
            120	 -0.340	 -0.185
            121	 -0.330	 -0.170
            122	 -0.330	 -0.170
            123	 -0.330	 -0.185
            124	 -0.340	 -0.195
            125	 -0.350	 -0.175
            126	 -0.325	 -0.200
            127	 -0.325	 -0.185
            128	 -0.330	 -0.180
            129	 -0.330	 -0.185
            130	 -0.335	 -0.205
            131	 -0.335	 -0.190
            132	 -0.340	 -0.180
            133	 -0.330	 -0.185
            134	 -0.340	 -0.200
            135	 -0.350	 -0.215
            136	 -0.355	 -0.205
            137	 -0.350	 -0.210
            138	 -0.345	 -0.200
            139	 -0.330	 -0.185
            140	 -0.320	 -0.205
            141	 -0.335	 -0.200
            142	 -0.330	 -0.210
            143	 -0.345	 -0.205
            144	 -0.330	 -0.185
            145	 -0.335	 -0.185
            146	 -0.335	 -0.200
            147	 -0.345	 -0.215
            148	 -0.345	 -0.225
            149	 -0.355	 -0.220
            150	 -0.340	 -0.200
            151	 -0.340	 -0.200
            152	 -0.335	 -0.215
            153	 -0.330	 -0.225
            154	 -0.350	 -0.235
            155	 -0.350	 -0.245
            156	 -0.345	 -0.240
            157	 -0.335	 -0.240
            158	 -0.335	 -0.240
            159	 -0.335	 -0.245
            160	 -0.350	 -0.260
            161	 -0.355	 -0.260
            162	 -0.355	 -0.265
            163	 -0.345	 -0.265
            164	 -0.345	 -0.280
            165	 -0.335	 -0.285
            166	 -0.350	 -0.295
            167	 -0.360	 -0.295
            168	 -0.360	 -0.300
            169	 -0.360	 -0.290
            170	 -0.365	 -0.300
            171	 -0.360	 -0.315
            172	 -0.370	 -0.315
            173	 -0.385	 -0.315
            174	 -0.370	 -0.315
            175	 -0.360	 -0.310
            176	 -0.355	 -0.310
            177	 -0.360	 -0.325
            178	 -0.375	 -0.330
            179	 -0.375	 -0.325
            180	 -0.365	 -0.315
            181	 -0.365	 -0.305
            182	 -0.360	 -0.305
            183	 -0.360	 -0.290
            184	 -0.365	 -0.290
            185	 -0.370	 -0.275
            186	 -0.355	 -0.270
            187	 -0.330	 -0.245
            188	 -0.325	 -0.240
            189	 -0.325	 -0.250
            190	 -0.335	 -0.250
            191	 -0.340	 -0.235
            192	 -0.315	 -0.220
            193	 -0.300	 -0.195
            194	 -0.300	 -0.190
            195	 -0.290	 -0.190
            196	 -0.295	 -0.190
            197	 -0.290	 -0.180
            198	 -0.285	 -0.160
            199	 -0.275	 -0.145
            200	 -0.255	 -0.150
            201	 -0.250	 -0.160
            202	 -0.250	 -0.160
            203	 -0.265	 -0.155
            204	 -0.255	 -0.145
            205	 -0.245	 -0.140
            206	 -0.230	 -0.160
            207	 -0.245	 -0.150
            208	 -0.245	 -0.175
            209	 -0.255	 -0.170
            210	 -0.255	 -0.160
            211	 -0.240	 -0.160
            212	 -0.250	 -0.150
            213	 -0.255	 -0.155
            214	 -0.245	 -0.160
            215	 -0.255	 -0.170
            216	 -0.250	 -0.155
            217	 -0.250	 -0.155
            218	 -0.265	 -0.150
            219	 -0.260	 -0.165
            220	 -0.260	 -0.175
            221	 -0.265	 -0.165
            222	 -0.270	 -0.165
            223	 -0.265	 -0.160
            224	 -0.260	 -0.160
            225	 -0.275	 -0.180
            226	 -0.280	 -0.175
            227	 -0.290	 -0.185
            228	 -0.275	 -0.165
            229	 -0.270	 -0.150
            230	 -0.260	 -0.150
            231	 -0.280	 -0.170
            232	 -0.280	 -0.185
            233	 -0.285	 -0.195
            234	 -0.275	 -0.190
            235	 -0.275	 -0.190
            236	 -0.265	 -0.185
            237	 -0.270	 -0.190
            238	 -0.285	 -0.210
            239	 -0.290	 -0.195
            240	 -0.280	 -0.190
            241	 -0.275	 -0.180
            242	 -0.285	 -0.205
            243	 -0.280	 -0.215
            244	 -0.300	 -0.225
            245	 -0.300	 -0.210
            246	 -0.305	 -0.205
            247	 -0.295	 -0.195
            248	 -0.300	 -0.200
            249	 -0.310	 -0.195
            250	 -0.310	 -0.210
            251	 -0.305	 -0.215
            252	 -0.295	 -0.205
            253	 -0.285	 -0.185
            254	 -0.285	 -0.195
            255	 -0.290	 -0.195
            256	 -0.295	 -0.220
            257	 -0.310	 -0.220
            258	 -0.290	 -0.210
            259	 -0.295	 -0.215
            260	 -0.300	 -0.220
            261	 -0.305	 -0.220
            262	 -0.310	 -0.225
            263	 -0.325	 -0.210
            264	 -0.310	 -0.200
            265	 -0.300	 -0.210
            266	 -0.290	 -0.225
            267	 -0.310	 -0.230
            268	 -0.325	 -0.225
            269	 -0.330	 -0.220
            270	 -0.315	 -0.230
            271	 -0.300	 -0.210
            272	 -0.305	 -0.215
            273	 -0.310	 -0.215
            274	 -0.320	 -0.230
            275	 -0.330	 -0.215
            276	 -0.325	 -0.220
            277	 -0.315	 -0.205
            278	 -0.310	 -0.205
            279	 -0.305	 -0.210
            280	 -0.305	 -0.215
            281	 -0.310	 -0.225
            282	 -0.300	 -0.215
            283	 -0.305	 -0.215
            284	 -0.290	 -0.215
            285	 -0.300	 -0.225
            286	 -0.300	 -0.225
            287	 -0.305	 -0.225
            288	 -0.305	 -0.205
            289	 -0.290	 -0.195
            290	 -0.280	 -0.210
            291	 -0.295	 -0.210
            292	 -0.305	 -0.215
            293	 -0.315	 -0.235
            294	 -0.305	 -0.230
            295	 -0.295	 -0.220
            296	 -0.290	 -0.220
            297	 -0.280	 -0.230
            298	 -0.270	 -0.225
            299	 -0.275	 -0.230
            300	 -0.275	 -0.215
            301	 -0.270	 -0.195
            302	 -0.250	 -0.195
            303	 -0.250	 -0.190
            304	 -0.255	 -0.200
            305	 -0.225	 -0.195
            306	 -0.220	 -0.180
            307	 -0.205	 -0.170
            308	 -0.200	 -0.180
            309	 -0.205	 -0.175
            310	 -0.215	 -0.195
            311	 -0.230	 -0.195
            312	 -0.220	 -0.170
            313	 -0.225	 -0.175
            314	 -0.225	 -0.175
            315	 -0.225	 -0.180
            316	 -0.230	 -0.185
            317	 -0.235	 -0.185
            318	 -0.240	 -0.175
            319	 -0.235	 -0.175
            320	 -0.220	 -0.175
            321	 -0.210	 -0.190
            322	 -0.205	 -0.205
            323	 -0.245	 -0.200
            324	 -0.285	 -0.205
            325	 -0.285	 -0.205
            326	 -0.300	 -0.215
            327	 -0.310	 -0.215
            328	 -0.330	 -0.225
            329	 -0.330	 -0.215
            330	 -0.325	 -0.210
            331	 -0.315	 -0.200
            332	 -0.320	 -0.215
            333	 -0.315	 -0.225
            334	 -0.325	 -0.245
            335	 -0.340	 -0.245
            336	 -0.345	 -0.250
            337	 -0.340	 -0.225
            338	 -0.340	 -0.230
            339	 -0.350	 -0.235
            340	 -0.345	 -0.240
            341	 -0.355	 -0.235
            342	 -0.330	 -0.235
            343	 -0.335	 -0.220
            344	 -0.330	 -0.230
            345	 -0.320	 -0.240
            346	 -0.345	 -0.240
            347	 -0.355	 -0.245
            348	 -0.340	 -0.225
            349	 -0.330	 -0.225
            350	 -0.325	 -0.235
            351	 -0.330	 -0.250
            352	 -0.350	 -0.270
            353	 -0.365	 -0.280
            354	 -0.360	 -0.290
            355	 -0.380	 -0.300
            356	 -0.425	 -0.330
            357	 -0.445	 -0.360
            358	 -0.475	 -0.355
            359	 -0.510	 -0.305
            360	 -0.535	 -0.205
            361	 -0.505	 -0.080
            362	 -0.415	  0.015
            363	 -0.300	  0.065
            364	 -0.160	  0.115
            365	 -0.015	  0.190
            366	  0.235	  0.300
            367	  0.490	  0.410
            368	  0.720	  0.495
            369	  0.875	  0.485
            370	  0.940	  0.360
            371	  0.905	  0.105
            372	  0.755	 -0.165
            373	  0.490	 -0.350
            374	  0.165	 -0.450
            375	 -0.110	 -0.470
            376	 -0.270	 -0.450
            377	 -0.390	 -0.395
            378	 -0.450	 -0.345
            379	 -0.475	 -0.310
            380	 -0.455	 -0.295
            381	 -0.425	 -0.285
            382	 -0.390	 -0.295
            383	 -0.390	 -0.295
            384	 -0.385	 -0.280
            385	 -0.390	 -0.285
            386	 -0.380	 -0.285
            387	 -0.380	 -0.285
            388	 -0.380	 -0.290
            389	 -0.395	 -0.275
            390	 -0.385	 -0.275
            391	 -0.385	 -0.275
            392	 -0.385	 -0.270
            393	 -0.375	 -0.285
            394	 -0.395	 -0.295
            395	 -0.410	 -0.290
            396	 -0.410	 -0.275
            397	 -0.400	 -0.265
            398	 -0.395	 -0.265
            399	 -0.390	 -0.275
            400	 -0.405	 -0.295
            401	 -0.395	 -0.290
            402	 -0.385	 -0.285
            403	 -0.375	 -0.270
            404	 -0.390	 -0.265
            405	 -0.390	 -0.275
            406	 -0.405	 -0.280
            407	 -0.410	 -0.280
            408	 -0.410	 -0.270
            409	 -0.390	 -0.265
            410	 -0.390	 -0.270
            411	 -0.395	 -0.270
            412	 -0.405	 -0.280
            413	 -0.415	 -0.270
            414	 -0.400	 -0.265
            415	 -0.410	 -0.265
            416	 -0.405	 -0.265
            417	 -0.410	 -0.270
            418	 -0.415	 -0.285
            419	 -0.410	 -0.285
            420	 -0.400	 -0.265
            421	 -0.400	 -0.265
            422	 -0.395	 -0.255
            423	 -0.390	 -0.275
            424	 -0.405	 -0.275
            425	 -0.410	 -0.280
            426	 -0.390	 -0.270
            427	 -0.390	 -0.265
            428	 -0.385	 -0.275
            429	 -0.385	 -0.285
            430	 -0.410	 -0.280
            431	 -0.405	 -0.280
            432	 -0.395	 -0.275
            433	 -0.390	 -0.275
            434	 -0.375	 -0.275
            435	 -0.390	 -0.285
            436	 -0.395	 -0.295
            437	 -0.410	 -0.295
            438	 -0.400	 -0.275
            439	 -0.390	 -0.275
            440	 -0.390	 -0.285
            441	 -0.385	 -0.290
            442	 -0.405	 -0.315
            443	 -0.415	 -0.315
            444	 -0.415	 -0.305
            445	 -0.400	 -0.290
            446	 -0.395	 -0.310
            447	 -0.405	 -0.320
            448	 -0.415	 -0.320
            449	 -0.420	 -0.335
            450	 -0.420	 -0.330
            451	 -0.410	 -0.325
            452	 -0.415	 -0.345
            453	 -0.425	 -0.350
            454	 -0.420	 -0.365
            455	 -0.435	 -0.370
            456	 -0.430	 -0.355
            457	 -0.430	 -0.360
            458	 -0.420	 -0.370
            459	 -0.430	 -0.390
            460	 -0.450	 -0.395
            461	 -0.455	 -0.400
            462	 -0.450	 -0.390
            463	 -0.435	 -0.385
            464	 -0.445	 -0.390
            465	 -0.450	 -0.400
            466	 -0.455	 -0.410
            467	 -0.470	 -0.420
            468	 -0.460	 -0.405
            469	 -0.455	 -0.410
            470	 -0.450	 -0.410
            471	 -0.455	 -0.400
            472	 -0.470	 -0.405
            473	 -0.475	 -0.390
            474	 -0.460	 -0.385
            475	 -0.450	 -0.365
            476	 -0.445	 -0.355
            477	 -0.440	 -0.345
            478	 -0.435	 -0.355
            479	 -0.440	 -0.330
            480	 -0.410	 -0.295
            481	 -0.395	 -0.275
            482	 -0.370	 -0.270
            483	 -0.365	 -0.260
            484	 -0.360	 -0.265
            485	 -0.365	 -0.265
            486	 -0.340	 -0.245
            487	 -0.325	 -0.225
            488	 -0.315	 -0.210
            489	 -0.320	 -0.215
            490	 -0.330	 -0.215
            491	 -0.330	 -0.205
            492	 -0.320	 -0.195
            493	 -0.310	 -0.185
            494	 -0.300	 -0.185
            495	 -0.300	 -0.195
            496	 -0.320	 -0.195
            497	 -0.320	 -0.195
            498	 -0.315	 -0.185
            499	 -0.305	 -0.170
            500	 -0.305	 -0.185
            501	 -0.295	 -0.195
            502	 -0.320	 -0.195
            503	 -0.330	 -0.195
            504	 -0.305	 -0.185
            505	 -0.310	 -0.175
            506	 -0.300	 -0.175
            507	 -0.300	 -0.185
            508	 -0.320	 -0.195
            509	 -0.325	 -0.195
            510	 -0.310	 -0.195
            511	 -0.305	 -0.180
            512	 -0.315	 -0.185
            513	 -0.305	 -0.190
            514	 -0.315	 -0.195
            515	 -0.315	 -0.195
            516	 -0.310	 -0.190
            517	 -0.295	 -0.185
            518	 -0.290	 -0.185
            519	 -0.305	 -0.190
            520	 -0.310	 -0.200
            521	 -0.320	 -0.215
            522	 -0.315	 -0.195
            523	 -0.300	 -0.185
            524	 -0.315	 -0.185
            525	 -0.315	 -0.185
            526	 -0.315	 -0.200
            527	 -0.330	 -0.205
            528	 -0.315	 -0.190
            529	 -0.320	 -0.190
            530	 -0.315	 -0.200
            531	 -0.325	 -0.200
            532	 -0.335	 -0.195
            533	 -0.340	 -0.220
            534	 -0.335	 -0.205
            535	 -0.335	 -0.190
            536	 -0.330	 -0.200
            537	 -0.325	 -0.220
            538	 -0.345	 -0.230
            539	 -0.350	 -0.210
            540	 -0.345	 -0.205
            541	 -0.335	 -0.200
            542	 -0.330	 -0.195
            543	 -0.330	 -0.220
            544	 -0.345	 -0.225
            545	 -0.345	 -0.225
            546	 -0.345	 -0.215
            547	 -0.320	 -0.205
            548	 -0.330	 -0.205
            549	 -0.335	 -0.215
            550	 -0.340	 -0.225
            551	 -0.355	 -0.220
            552	 -0.335	 -0.225
            553	 -0.330	 -0.195
            554	 -0.330	 -0.215
            555	 -0.335	 -0.220
            556	 -0.355	 -0.215
            557	 -0.360	 -0.225
            558	 -0.355	 -0.215
            559	 -0.350	 -0.210
            560	 -0.340	 -0.210
            561	 -0.345	 -0.225
            562	 -0.345	 -0.230
            563	 -0.345	 -0.220
            564	 -0.345	 -0.210
            565	 -0.330	 -0.205
            566	 -0.330	 -0.200
            567	 -0.335	 -0.205
            568	 -0.345	 -0.220
            569	 -0.350	 -0.230
            570	 -0.350	 -0.215
            571	 -0.340	 -0.205
            572	 -0.330	 -0.200
            573	 -0.345	 -0.230
            574	 -0.345	 -0.220
            575	 -0.355	 -0.215
            576	 -0.350	 -0.205
            577	 -0.340	 -0.200
            578	 -0.330	 -0.205
            579	 -0.340	 -0.220
            580	 -0.340	 -0.220
            581	 -0.340	 -0.225
            582	 -0.330	 -0.205
            583	 -0.335	 -0.200
            584	 -0.330	 -0.200
            585	 -0.335	 -0.210
            586	 -0.345	 -0.230
            587	 -0.345	 -0.215
            588	 -0.340	 -0.200
            589	 -0.330	 -0.200
            590	 -0.315	 -0.205
            591	 -0.295	 -0.210
            592	 -0.300	 -0.215
            593	 -0.295	 -0.220
            594	 -0.285	 -0.205
            595	 -0.275	 -0.200
            596	 -0.265	 -0.195
            597	 -0.265	 -0.205
            598	 -0.265	 -0.205
            599	 -0.255	 -0.205
            600	 -0.250	 -0.180
            601	 -0.240	 -0.170
            602	 -0.225	 -0.190
            603	 -0.215	 -0.190
            604	 -0.240	 -0.200
            605	 -0.245	 -0.185
            606	 -0.240	 -0.165
            607	 -0.245	 -0.145
            608	 -0.235	 -0.145
            609	 -0.245	 -0.170
            610	 -0.250	 -0.175
            611	 -0.275	 -0.170
            612	 -0.275	 -0.165
            613	 -0.265	 -0.150
            614	 -0.250	 -0.160
            615	 -0.225	 -0.175
            616	 -0.220	 -0.190
            617	 -0.230	 -0.190
            618	 -0.265	 -0.185
            619	 -0.270	 -0.185
            620	 -0.280	 -0.175
            621	 -0.285	 -0.195
            622	 -0.305	 -0.215
            623	 -0.320	 -0.205
            624	 -0.340	 -0.200
            625	 -0.330	 -0.195
            626	 -0.335	 -0.205
            627	 -0.335	 -0.210
            628	 -0.355	 -0.220
            629	 -0.370	 -0.215
            630	 -0.360	 -0.210
            631	 -0.345	 -0.205
            632	 -0.350	 -0.200
            633	 -0.355	 -0.210
            634	 -0.365	 -0.220
            635	 -0.375	 -0.220
            636	 -0.380	 -0.220
            637	 -0.370	 -0.200
            638	 -0.365	 -0.205
            639	 -0.365	 -0.215
            640	 -0.380	 -0.225
            641	 -0.385	 -0.220
            642	 -0.380	 -0.215
            643	 -0.375	 -0.205
            644	 -0.355	 -0.220
            645	 -0.370	 -0.225
            646	 -0.390	 -0.240
            647	 -0.405	 -0.260
            648	 -0.410	 -0.280
            649	 -0.435	 -0.300
            650	 -0.465	 -0.345
            651	 -0.490	 -0.375
            652	 -0.520	 -0.345
            653	 -0.555	 -0.260
            654	 -0.570	 -0.125
            655	 -0.525	  0.025
            656	 -0.405	  0.145
            657	 -0.250	  0.260
            658	 -0.090	  0.375
            659	  0.120	  0.505
            660	  0.410	  0.635
            661	  0.690	  0.705
            662	  0.885	  0.610
            663	  0.960	  0.320
            664	  0.850	 -0.045
            665	  0.520	 -0.250
            666	  0.050	 -0.270
            667	 -0.320	 -0.240
            668	 -0.500	 -0.240
            669	 -0.505	 -0.250
            670	 -0.445	 -0.255
            671	 -0.415	 -0.245
            672	 -0.395	 -0.245
            673	 -0.390	 -0.245
            674	 -0.395	 -0.255
            675	 -0.390	 -0.260
            676	 -0.395	 -0.260
            677	 -0.405	 -0.270
            678	 -0.395	 -0.245
            679	 -0.405	 -0.245
            680	 -0.390	 -0.250
            681	 -0.395	 -0.265
            682	 -0.395	 -0.270
            683	 -0.410	 -0.270
            684	 -0.405	 -0.265
            685	 -0.400	 -0.260
            686	 -0.400	 -0.260
            687	 -0.415	 -0.270
            688	 -0.405	 -0.280
            689	 -0.420	 -0.280
            690	 -0.415	 -0.270
            691	 -0.405	 -0.255
            692	 -0.405	 -0.265
            693	 -0.420	 -0.280
            694	 -0.420	 -0.290
            695	 -0.435	 -0.275
            696	 -0.420	 -0.265
            697	 -0.410	 -0.255
            698	 -0.410	 -0.260
            699	 -0.405	 -0.260
            700	 -0.425	 -0.280
            701	 -0.430	 -0.280
            702	 -0.420	 -0.265
            703	 -0.415	 -0.260
            704	 -0.410	 -0.255
            705	 -0.410	 -0.260
            706	 -0.425	 -0.275
            707	 -0.420	 -0.270
            708	 -0.400	 -0.275
            709	 -0.395	 -0.265
            710	 -0.400	 -0.265
            711	 -0.400	 -0.270
            712	 -0.395	 -0.280
            713	 -0.415	 -0.285
            714	 -0.405	 -0.280
            715	 -0.390	 -0.255
            716	 -0.400	 -0.270
            717	 -0.400	 -0.280
            718	 -0.415	 -0.290
            719	 -0.425	 -0.290
            720	 -0.425	 -0.270
            721	 -0.415	 -0.270
            722	 -0.415	 -0.285
            723	 -0.410	 -0.300
            724	 -0.425	 -0.300
            725	 -0.425	 -0.300
            726	 -0.420	 -0.295
            727	 -0.415	 -0.275
            728	 -0.400	 -0.295
            729	 -0.400	 -0.300
            730	 -0.410	 -0.310
            731	 -0.425	 -0.310
            732	 -0.410	 -0.315
            733	 -0.405	 -0.310
            734	 -0.395	 -0.310
            735	 -0.400	 -0.335
            736	 -0.400	 -0.345
            737	 -0.405	 -0.355
            738	 -0.385	 -0.350
            739	 -0.400	 -0.345
            740	 -0.390	 -0.360
            741	 -0.390	 -0.370
            742	 -0.400	 -0.375
            743	 -0.415	 -0.385
            744	 -0.405	 -0.370
            745	 -0.405	 -0.370
            746	 -0.410	 -0.385
            747	 -0.415	 -0.400
            748	 -0.420	 -0.415
            749	 -0.420	 -0.405
            750	 -0.425	 -0.410
            751	 -0.415	 -0.390
            752	 -0.415	 -0.405
            753	 -0.410	 -0.410
            754	 -0.435	 -0.425
            755	 -0.430	 -0.420
            756	 -0.435	 -0.410
            757	 -0.420	 -0.405
            758	 -0.420	 -0.400
            759	 -0.420	 -0.400
            760	 -0.420	 -0.405
            761	 -0.425	 -0.385
            762	 -0.425	 -0.365
            763	 -0.415	 -0.345
            764	 -0.395	 -0.335
            765	 -0.395	 -0.325
            766	 -0.390	 -0.310
            767	 -0.375	 -0.295
            768	 -0.360	 -0.275
            769	 -0.340	 -0.255
            770	 -0.335	 -0.250
            771	 -0.330	 -0.240
            772	 -0.335	 -0.245
            773	 -0.335	 -0.230
            774	 -0.325	 -0.205
            775	 -0.320	 -0.200
            776	 -0.305	 -0.200
            777	 -0.305	 -0.205
            778	 -0.315	 -0.210
            779	 -0.310	 -0.220
            780	 -0.305	 -0.195
            781	 -0.300	 -0.190
            782	 -0.300	 -0.200
            783	 -0.300	 -0.200
            784	 -0.310	 -0.210
            785	 -0.310	 -0.200
            786	 -0.310	 -0.190
            787	 -0.315	 -0.175
            788	 -0.300	 -0.200
            789	 -0.305	 -0.205
            790	 -0.315	 -0.210
            791	 -0.320	 -0.200
            792	 -0.325	 -0.200
            793	 -0.310	 -0.180
            794	 -0.305	 -0.190
            795	 -0.305	 -0.190
            796	 -0.320	 -0.205
            797	 -0.325	 -0.205
            798	 -0.305	 -0.195
            799	 -0.310	 -0.185
            800	 -0.295	 -0.190
            801	 -0.310	 -0.190
            802	 -0.325	 -0.210
            803	 -0.330	 -0.210
            804	 -0.320	 -0.205
            805	 -0.320	 -0.205
            806	 -0.320	 -0.200
            807	 -0.325	 -0.215
            808	 -0.350	 -0.225
            809	 -0.350	 -0.210
            810	 -0.340	 -0.210
            811	 -0.335	 -0.210
            812	 -0.330	 -0.215
            813	 -0.335	 -0.225
            814	 -0.340	 -0.225
            815	 -0.360	 -0.230
            816	 -0.350	 -0.210
            817	 -0.350	 -0.210
            818	 -0.355	 -0.230
            819	 -0.360	 -0.250
            820	 -0.355	 -0.250
            821	 -0.365	 -0.245
            822	 -0.355	 -0.230
            823	 -0.350	 -0.215
            824	 -0.340	 -0.230
            825	 -0.355	 -0.240
            826	 -0.350	 -0.245
            827	 -0.365	 -0.245
            828	 -0.365	 -0.240
            829	 -0.350	 -0.215
            830	 -0.355	 -0.225
            831	 -0.350	 -0.240
            832	 -0.370	 -0.240
            833	 -0.380	 -0.245
            834	 -0.370	 -0.240
            835	 -0.360	 -0.230
            836	 -0.365	 -0.235
            837	 -0.360	 -0.240
            838	 -0.365	 -0.230
            839	 -0.380	 -0.250
            840	 -0.370	 -0.225
            841	 -0.365	 -0.215
            842	 -0.350	 -0.230
            843	 -0.350	 -0.240
            844	 -0.350	 -0.250
            845	 -0.370	 -0.265
            846	 -0.365	 -0.230
            847	 -0.345	 -0.220
            848	 -0.345	 -0.235
            849	 -0.340	 -0.225
            850	 -0.355	 -0.235
            851	 -0.365	 -0.235
            852	 -0.360	 -0.225
            853	 -0.355	 -0.225
            854	 -0.355	 -0.215
            855	 -0.355	 -0.225
            856	 -0.375	 -0.235
            857	 -0.385	 -0.230
            858	 -0.355	 -0.225
            859	 -0.360	 -0.225
            860	 -0.355	 -0.225
            861	 -0.360	 -0.225
            862	 -0.360	 -0.230
            863	 -0.370	 -0.230
            864	 -0.360	 -0.215
            865	 -0.345	 -0.210
            866	 -0.355	 -0.225
            867	 -0.345	 -0.240
            868	 -0.345	 -0.235
            869	 -0.345	 -0.240
            870	 -0.340	 -0.225
            871	 -0.310	 -0.215
            872	 -0.305	 -0.220
            873	 -0.305	 -0.220
            874	 -0.310	 -0.230
            875	 -0.305	 -0.230
            876	 -0.290	 -0.205
            877	 -0.285	 -0.200
            878	 -0.275	 -0.205
            879	 -0.280	 -0.195
            880	 -0.280	 -0.210
            881	 -0.275	 -0.205
            882	 -0.265	 -0.190
            883	 -0.255	 -0.185
            884	 -0.245	 -0.200
            885	 -0.260	 -0.195
            886	 -0.265	 -0.200
            887	 -0.275	 -0.190
            888	 -0.280	 -0.170
            889	 -0.265	 -0.140
            890	 -0.270	 -0.165
            891	 -0.275	 -0.165
            892	 -0.280	 -0.185
            893	 -0.275	 -0.180
            894	 -0.280	 -0.170
            895	 -0.275	 -0.150
            896	 -0.265	 -0.165
            897	 -0.255	 -0.180
            898	 -0.240	 -0.200
            899	 -0.260	 -0.210
            900	 -0.280	 -0.210
            901	 -0.310	 -0.185
            902	 -0.310	 -0.190
            903	 -0.345	 -0.200
            904	 -0.360	 -0.215
            905	 -0.380	 -0.220
            906	 -0.385	 -0.210
            907	 -0.380	 -0.195
            908	 -0.370	 -0.205
            909	 -0.375	 -0.220
            910	 -0.385	 -0.225
            911	 -0.390	 -0.230
            912	 -0.395	 -0.220
            913	 -0.385	 -0.210
            914	 -0.385	 -0.210
            915	 -0.385	 -0.230
            916	 -0.395	 -0.235
            917	 -0.405	 -0.230
            918	 -0.400	 -0.225
            919	 -0.375	 -0.215
            920	 -0.375	 -0.220
            921	 -0.390	 -0.220
            922	 -0.395	 -0.230
            923	 -0.415	 -0.240
            924	 -0.405	 -0.220
            925	 -0.400	 -0.225
            926	 -0.390	 -0.235
            927	 -0.405	 -0.250
            928	 -0.425	 -0.280
            929	 -0.460	 -0.305
            930	 -0.475	 -0.325
            931	 -0.505	 -0.345
            932	 -0.510	 -0.375
            933	 -0.525	 -0.415
            934	 -0.540	 -0.425
            935	 -0.600	 -0.385
            936	 -0.645	 -0.295
            937	 -0.630	 -0.180
            938	 -0.575	 -0.065
            939	 -0.495	  0.035
            940	 -0.385	  0.130
            941	 -0.270	  0.240
            942	 -0.115	  0.370
            943	  0.090	  0.495
            944	  0.370	  0.610
            945	  0.635	  0.655
            946	  0.810	  0.545
            947	  0.860	  0.230
            948	  0.770	 -0.105
            949	  0.475	 -0.280
            950	  0.065	 -0.285
            951	 -0.305	 -0.255
            952	 -0.500	 -0.255
            953	 -0.520	 -0.260
            954	 -0.475	 -0.230
            955	 -0.410	 -0.220
            956	 -0.390	 -0.245
            957	 -0.390	 -0.255
            958	 -0.400	 -0.260
            959	 -0.410	 -0.250
            960	 -0.405	 -0.235
            961	 -0.385	 -0.245
            962	 -0.390	 -0.245
            963	 -0.395	 -0.260
            964	 -0.405	 -0.265
            965	 -0.410	 -0.265
            966	 -0.405	 -0.260
            967	 -0.400	 -0.240
            968	 -0.390	 -0.245
            969	 -0.395	 -0.260
            970	 -0.410	 -0.270
            971	 -0.415	 -0.270
            972	 -0.410	 -0.255
            973	 -0.395	 -0.255
            974	 -0.405	 -0.250
            975	 -0.410	 -0.265
            976	 -0.405	 -0.270
            977	 -0.405	 -0.270
            978	 -0.410	 -0.265
            979	 -0.390	 -0.250
            980	 -0.385	 -0.245
            981	 -0.390	 -0.265
            982	 -0.395	 -0.270
            983	 -0.400	 -0.260
            984	 -0.400	 -0.255
            985	 -0.400	 -0.245
            986	 -0.395	 -0.250
            987	 -0.395	 -0.260
            988	 -0.405	 -0.270
            989	 -0.405	 -0.260
            990	 -0.400	 -0.255
            991	 -0.395	 -0.250
            992	 -0.385	 -0.255
            993	 -0.375	 -0.255
            994	 -0.385	 -0.275
            995	 -0.395	 -0.270
            996	 -0.390	 -0.265
            997	 -0.385	 -0.260
            998	 -0.375	 -0.260
            999	 -0.385	 -0.275
           1000	 -0.395	 -0.270
           1001	 -0.395	 -0.260
           1002	 -0.385	 -0.245
           1003	 -0.375	 -0.255
           1004	 -0.375	 -0.265
           1005	 -0.385	 -0.265
           1006	 -0.395	 -0.270
           1007	 -0.390	 -0.265
           1008	 -0.390	 -0.260
           1009	 -0.365	 -0.270
           1010	 -0.375	 -0.265
           1011	 -0.385	 -0.270
           1012	 -0.395	 -0.280
           1013	 -0.380	 -0.285
           1014	 -0.385	 -0.280
           1015	 -0.375	 -0.285
           1016	 -0.380	 -0.290
           1017	 -0.390	 -0.310
           1018	 -0.380	 -0.305
           1019	 -0.375	 -0.300
           1020	 -0.375	 -0.300
           1021	 -0.375	 -0.310
           1022	 -0.375	 -0.325
           1023	 -0.380	 -0.340
           1024	 -0.390	 -0.340
           1025	 -0.390	 -0.325
           1026	 -0.365	 -0.320
           1027	 -0.370	 -0.355
           1028	 -0.375	 -0.360
           1029	 -0.385	 -0.380
           1030	 -0.390	 -0.385
           1031	 -0.390	 -0.375
           1032	 -0.375	 -0.365
           1033	 -0.365	 -0.375
           1034	 -0.385	 -0.385
           1035	 -0.380	 -0.390
           1036	 -0.390	 -0.395
           1037	 -0.375	 -0.385
           1038	 -0.375	 -0.375
           1039	 -0.365	 -0.375
           1040	 -0.370	 -0.375
           1041	 -0.385	 -0.380
           1042	 -0.395	 -0.365
           1043	 -0.385	 -0.345
           1044	 -0.385	 -0.335
           1045	 -0.370	 -0.315
           1046	 -0.365	 -0.310
           1047	 -0.370	 -0.305
           1048	 -0.375	 -0.290
           1049	 -0.350	 -0.270
           1050	 -0.335	 -0.255
           1051	 -0.320	 -0.250
           1052	 -0.315	 -0.245
           1053	 -0.320	 -0.235
           1054	 -0.325	 -0.235
           1055	 -0.315	 -0.225
           1056	 -0.295	 -0.220
           1057	 -0.285	 -0.195
           1058	 -0.300	 -0.215
           1059	 -0.295	 -0.230
           1060	 -0.285	 -0.215
           1061	 -0.285	 -0.205
           1062	 -0.280	 -0.195
           1063	 -0.270	 -0.200
           1064	 -0.280	 -0.195
           1065	 -0.290	 -0.195
           1066	 -0.295	 -0.205
           1067	 -0.295	 -0.195
           1068	 -0.290	 -0.180
           1069	 -0.280	 -0.190
           1070	 -0.290	 -0.205
           1071	 -0.295	 -0.210
           1072	 -0.310	 -0.205
           1073	 -0.295	 -0.180
           1074	 -0.285	 -0.185
           1075	 -0.280	 -0.190
           1076	 -0.275	 -0.205
           1077	 -0.295	 -0.215
           1078	 -0.305	 -0.215
           1079	 -0.300	 -0.215
           1080	 -0.295	 -0.190
           1081	 -0.295	 -0.210
           1082	 -0.285	 -0.200
           1083	 -0.300	 -0.215
           1084	 -0.305	 -0.220
           1085	 -0.300	 -0.225
           1086	 -0.295	 -0.215
           1087	 -0.300	 -0.215
           1088	 -0.305	 -0.230
           1089	 -0.315	 -0.225
           1090	 -0.310	 -0.225
           1091	 -0.315	 -0.210
           1092	 -0.295	 -0.210
           1093	 -0.300	 -0.215
           1094	 -0.310	 -0.230
           1095	 -0.330	 -0.235
           1096	 -0.340	 -0.230
           1097	 -0.330	 -0.220
           1098	 -0.320	 -0.215
           1099	 -0.320	 -0.230
           1100	 -0.315	 -0.235
           1101	 -0.325	 -0.250
           1102	 -0.335	 -0.245
           1103	 -0.330	 -0.240
           1104	 -0.315	 -0.220
           1105	 -0.320	 -0.230
           1106	 -0.320	 -0.230
           1107	 -0.330	 -0.235
           1108	 -0.345	 -0.240
           1109	 -0.340	 -0.235
           1110	 -0.335	 -0.220
           1111	 -0.330	 -0.230
           1112	 -0.335	 -0.240
           1113	 -0.345	 -0.255
           1114	 -0.350	 -0.245
           1115	 -0.345	 -0.235
           1116	 -0.340	 -0.220
           1117	 -0.335	 -0.230
           1118	 -0.335	 -0.240
           1119	 -0.330	 -0.250
           1120	 -0.335	 -0.255
           1121	 -0.340	 -0.240
           1122	 -0.335	 -0.225
           1123	 -0.320	 -0.230
           1124	 -0.340	 -0.235
           1125	 -0.340	 -0.240
           1126	 -0.350	 -0.245
           1127	 -0.365	 -0.235
           1128	 -0.360	 -0.230
           1129	 -0.345	 -0.235
           1130	 -0.345	 -0.240
           1131	 -0.350	 -0.245
           1132	 -0.350	 -0.235
           1133	 -0.350	 -0.235
           1134	 -0.340	 -0.230
           1135	 -0.340	 -0.240
           1136	 -0.345	 -0.235
           1137	 -0.345	 -0.245
           1138	 -0.380	 -0.250
           1139	 -0.360	 -0.230
           1140	 -0.360	 -0.210
           1141	 -0.345	 -0.230
           1142	 -0.345	 -0.235
           1143	 -0.350	 -0.245
           1144	 -0.355	 -0.250
           1145	 -0.345	 -0.245
           1146	 -0.330	 -0.230
           1147	 -0.330	 -0.230
           1148	 -0.335	 -0.235
           1149	 -0.335	 -0.250
           1150	 -0.340	 -0.250
           1151	 -0.330	 -0.240
           1152	 -0.320	 -0.225
           1153	 -0.290	 -0.230
           1154	 -0.290	 -0.235
           1155	 -0.300	 -0.240
           1156	 -0.305	 -0.245
           1157	 -0.285	 -0.240
           1158	 -0.280	 -0.225
           1159	 -0.275	 -0.225
           1160	 -0.280	 -0.230
           1161	 -0.275	 -0.230
           1162	 -0.270	 -0.225
           1163	 -0.265	 -0.205
           1164	 -0.250	 -0.210
           1165	 -0.230	 -0.220
           1166	 -0.245	 -0.205
           1167	 -0.240	 -0.220
           1168	 -0.255	 -0.220
           1169	 -0.255	 -0.210
           1170	 -0.245	 -0.190
           1171	 -0.235	 -0.180
           1172	 -0.255	 -0.180
           1173	 -0.265	 -0.185
           1174	 -0.260	 -0.190
           1175	 -0.255	 -0.190
           1176	 -0.270	 -0.185
           1177	 -0.265	 -0.205
           1178	 -0.280	 -0.200
           1179	 -0.255	 -0.220
           1180	 -0.250	 -0.220
           1181	 -0.245	 -0.220
           1182	 -0.265	 -0.210
           1183	 -0.280	 -0.225
           1184	 -0.300	 -0.220
           1185	 -0.315	 -0.240
           1186	 -0.325	 -0.245
           1187	 -0.335	 -0.235
           1188	 -0.345	 -0.230
           1189	 -0.330	 -0.245
           1190	 -0.335	 -0.245
           1191	 -0.345	 -0.250
           1192	 -0.360	 -0.255
           1193	 -0.350	 -0.230
           1194	 -0.340	 -0.225
           1195	 -0.335	 -0.230
           1196	 -0.345	 -0.245
           1197	 -0.360	 -0.255
           1198	 -0.365	 -0.265
           1199	 -0.375	 -0.255
           1200	 -0.370	 -0.245
           1201	 -0.365	 -0.260
           1202	 -0.365	 -0.250
           1203	 -0.380	 -0.260
           1204	 -0.375	 -0.270
           1205	 -0.375	 -0.240
           1206	 -0.365	 -0.245
           1207	 -0.370	 -0.250
           1208	 -0.360	 -0.250
           1209	 -0.370	 -0.250
           1210	 -0.380	 -0.265
           1211	 -0.365	 -0.255
           1212	 -0.360	 -0.245
           1213	 -0.350	 -0.255
           1214	 -0.355	 -0.265
           1215	 -0.370	 -0.280
           1216	 -0.385	 -0.305
           1217	 -0.395	 -0.320
           1218	 -0.430	 -0.350
           1219	 -0.445	 -0.380
           1220	 -0.485	 -0.390
           1221	 -0.515	 -0.345
           1222	 -0.565	 -0.240
           1223	 -0.555	 -0.110
           1224	 -0.475	 -0.020
           1225	 -0.355	  0.040
           1226	 -0.220	  0.110
           1227	 -0.055	  0.220
           1228	  0.185	  0.350
           1229	  0.475	  0.440
           1230	  0.705	  0.395
           1231	  0.820	  0.155
           1232	  0.780	 -0.170
           1233	  0.535	 -0.380
           1234	  0.145	 -0.410
           1235	 -0.200	 -0.355
           1236	 -0.420	 -0.320
           1237	 -0.500	 -0.305
           1238	 -0.480	 -0.300
           1239	 -0.450	 -0.295
           1240	 -0.410	 -0.295
           1241	 -0.400	 -0.285
           1242	 -0.390	 -0.300
           1243	 -0.390	 -0.310
           1244	 -0.400	 -0.305
           1245	 -0.405	 -0.305
           1246	 -0.425	 -0.295
           1247	 -0.425	 -0.270
           1248	 -0.405	 -0.270
           1249	 -0.395	 -0.285
           1250	 -0.405	 -0.305
           1251	 -0.405	 -0.310
           1252	 -0.415	 -0.300
           1253	 -0.405	 -0.290
           1254	 -0.385	 -0.275
           1255	 -0.390	 -0.285
           1256	 -0.395	 -0.285
           1257	 -0.395	 -0.305
           1258	 -0.395	 -0.290
           1259	 -0.395	 -0.290
           1260	 -0.385	 -0.285
           1261	 -0.390	 -0.285
           1262	 -0.390	 -0.290
           1263	 -0.400	 -0.300
           1264	 -0.425	 -0.295
           1265	 -0.410	 -0.285
           1266	 -0.400	 -0.275
           1267	 -0.395	 -0.290
           1268	 -0.400	 -0.295
           1269	 -0.405	 -0.275
           1270	 -0.425	 -0.285
           1271	 -0.415	 -0.285
           1272	 -0.405	 -0.260
           1273	 -0.405	 -0.270
           1274	 -0.405	 -0.265
           1275	 -0.410	 -0.285
           1276	 -0.415	 -0.290
           1277	 -0.405	 -0.295
           1278	 -0.420	 -0.280
           1279	 -0.405	 -0.290
           1280	 -0.410	 -0.295
           1281	 -0.410	 -0.300
           1282	 -0.420	 -0.310
           1283	 -0.415	 -0.305
           1284	 -0.405	 -0.295
           1285	 -0.395	 -0.300
           1286	 -0.395	 -0.280
           1287	 -0.395	 -0.290
           1288	 -0.400	 -0.305
           1289	 -0.395	 -0.290
           1290	 -0.395	 -0.285
           1291	 -0.405	 -0.305
           1292	 -0.405	 -0.310
           1293	 -0.420	 -0.315
           1294	 -0.435	 -0.305
           1295	 -0.415	 -0.295
           1296	 -0.405	 -0.290
           1297	 -0.395	 -0.295
           1298	 -0.390	 -0.300
           1299	 -0.415	 -0.305
           1300	 -0.405	 -0.325
           1301	 -0.405	 -0.310
           1302	 -0.400	 -0.300
           1303	 -0.395	 -0.310
           1304	 -0.395	 -0.335
           1305	 -0.405	 -0.340
           1306	 -0.420	 -0.350
           1307	 -0.415	 -0.355
           1308	 -0.400	 -0.340
           1309	 -0.395	 -0.350
           1310	 -0.400	 -0.365
           1311	 -0.405	 -0.380
           1312	 -0.425	 -0.400
           1313	 -0.425	 -0.385
           1314	 -0.425	 -0.380
           1315	 -0.420	 -0.390
           1316	 -0.425	 -0.400
           1317	 -0.450	 -0.405
           1318	 -0.445	 -0.405
           1319	 -0.450	 -0.405
           1320	 -0.435	 -0.415
           1321	 -0.445	 -0.415
           1322	 -0.470	 -0.420
           1323	 -0.455	 -0.415
           1324	 -0.460	 -0.425
           1325	 -0.440	 -0.410
           1326	 -0.435	 -0.395
           1327	 -0.425	 -0.385
           1328	 -0.430	 -0.405
           1329	 -0.445	 -0.395
           1330	 -0.450	 -0.395
           1331	 -0.445	 -0.375
           1332	 -0.430	 -0.370
           1333	 -0.420	 -0.375
           1334	 -0.410	 -0.375
           1335	 -0.425	 -0.370
           1336	 -0.420	 -0.360
           1337	 -0.405	 -0.345
           1338	 -0.380	 -0.320
           1339	 -0.370	 -0.305
           1340	 -0.365	 -0.305
           1341	 -0.365	 -0.300
           1342	 -0.365	 -0.285
           1343	 -0.345	 -0.275
           1344	 -0.330	 -0.260
           1345	 -0.315	 -0.245
           1346	 -0.305	 -0.245
           1347	 -0.305	 -0.250
           1348	 -0.320	 -0.255
           1349	 -0.310	 -0.245
           1350	 -0.310	 -0.230
           1351	 -0.305	 -0.235
           1352	 -0.310	 -0.245
           1353	 -0.315	 -0.255
           1354	 -0.320	 -0.255
           1355	 -0.315	 -0.225
           1356	 -0.305	 -0.230
           1357	 -0.305	 -0.235
           1358	 -0.295	 -0.240
           1359	 -0.310	 -0.250
           1360	 -0.320	 -0.245
           1361	 -0.310	 -0.225
           1362	 -0.315	 -0.215
           1363	 -0.295	 -0.220
           1364	 -0.300	 -0.240
           1365	 -0.305	 -0.250
           1366	 -0.300	 -0.255
           1367	 -0.285	 -0.245
           1368	 -0.280	 -0.240
           1369	 -0.290	 -0.235
           1370	 -0.295	 -0.245
           1371	 -0.305	 -0.255
           1372	 -0.325	 -0.250
           1373	 -0.305	 -0.235
           1374	 -0.300	 -0.230
           1375	 -0.300	 -0.250
           1376	 -0.315	 -0.260
           1377	 -0.325	 -0.275
           1378	 -0.335	 -0.280
           1379	 -0.325	 -0.275
           1380	 -0.315	 -0.260
           1381	 -0.320	 -0.270
           1382	 -0.335	 -0.255
           1383	 -0.330	 -0.265
           1384	 -0.340	 -0.255
           1385	 -0.325	 -0.265
           1386	 -0.325	 -0.260
           1387	 -0.320	 -0.265
           1388	 -0.315	 -0.265
           1389	 -0.335	 -0.275
           1390	 -0.335	 -0.270
           1391	 -0.345	 -0.265
           1392	 -0.335	 -0.255
           1393	 -0.325	 -0.255
           1394	 -0.330	 -0.265
           1395	 -0.315	 -0.275
           1396	 -0.335	 -0.290
           1397	 -0.330	 -0.275
           1398	 -0.330	 -0.260
           1399	 -0.330	 -0.270
           1400	 -0.330	 -0.265
           1401	 -0.335	 -0.270
           1402	 -0.340	 -0.265
           1403	 -0.330	 -0.265
           1404	 -0.320	 -0.250
           1405	 -0.315	 -0.265
           1406	 -0.325	 -0.265
           1407	 -0.335	 -0.270
           1408	 -0.355	 -0.270
           1409	 -0.345	 -0.265
           1410	 -0.340	 -0.255
           1411	 -0.335	 -0.260
           1412	 -0.320	 -0.255
           1413	 -0.325	 -0.270
           1414	 -0.350	 -0.270
           1415	 -0.330	 -0.285
           1416	 -0.315	 -0.265
           1417	 -0.315	 -0.260
           1418	 -0.330	 -0.265
           1419	 -0.330	 -0.270
           1420	 -0.335	 -0.265
           1421	 -0.335	 -0.260
           1422	 -0.330	 -0.250
           1423	 -0.330	 -0.265
           1424	 -0.330	 -0.265
           1425	 -0.340	 -0.270
           1426	 -0.340	 -0.265
           1427	 -0.340	 -0.255
           1428	 -0.325	 -0.245
           1429	 -0.325	 -0.255
           1430	 -0.325	 -0.275
           1431	 -0.345	 -0.275
           1432	 -0.350	 -0.275
           1433	 -0.340	 -0.255
           1434	 -0.330	 -0.255
           1435	 -0.320	 -0.260
           1436	 -0.310	 -0.265
           1437	 -0.305	 -0.285
           1438	 -0.305	 -0.280
           1439	 -0.275	 -0.265
           1440	 -0.270	 -0.260
           1441	 -0.255	 -0.255
           1442	 -0.260	 -0.250
           1443	 -0.265	 -0.255
           1444	 -0.260	 -0.250
           1445	 -0.250	 -0.240
           1446	 -0.235	 -0.230
           1447	 -0.235	 -0.235
           1448	 -0.220	 -0.225
           1449	 -0.235	 -0.235
           1450	 -0.235	 -0.240
           1451	 -0.220	 -0.225
           1452	 -0.230	 -0.215
           1453	 -0.225	 -0.235
           1454	 -0.235	 -0.230
           1455	 -0.245	 -0.225
           1456	 -0.255	 -0.215
           1457	 -0.240	 -0.205
           1458	 -0.230	 -0.200
           1459	 -0.230	 -0.210
           1460	 -0.250	 -0.225
           1461	 -0.255	 -0.230
           1462	 -0.250	 -0.225
           1463	 -0.230	 -0.215
           1464	 -0.205	 -0.210
           1465	 -0.195	 -0.235
           1466	 -0.210	 -0.240
           1467	 -0.230	 -0.255
           1468	 -0.270	 -0.245
           1469	 -0.270	 -0.235
           1470	 -0.285	 -0.230
           1471	 -0.285	 -0.235
           1472	 -0.310	 -0.245
           1473	 -0.330	 -0.270
           1474	 -0.340	 -0.260
           1475	 -0.340	 -0.250
           1476	 -0.345	 -0.240
           1477	 -0.350	 -0.240
           1478	 -0.350	 -0.255
           1479	 -0.340	 -0.260
           1480	 -0.355	 -0.265
           1481	 -0.345	 -0.255
           1482	 -0.340	 -0.245
           1483	 -0.340	 -0.245
           1484	 -0.345	 -0.260
           1485	 -0.355	 -0.255
           1486	 -0.370	 -0.260
           1487	 -0.355	 -0.255
           1488	 -0.370	 -0.240
           1489	 -0.345	 -0.240
           1490	 -0.340	 -0.260
           1491	 -0.360	 -0.260
           1492	 -0.380	 -0.250
           1493	 -0.360	 -0.240
           1494	 -0.345	 -0.235
           1495	 -0.350	 -0.240
           1496	 -0.350	 -0.255
           1497	 -0.355	 -0.270
           1498	 -0.380	 -0.285
           1499	 -0.390	 -0.290
           1500	 -0.395	 -0.310
           1501	 -0.425	 -0.330
           1502	 -0.455	 -0.365
           1503	 -0.475	 -0.370
           1504	 -0.510	 -0.350
           1505	 -0.545	 -0.260
           1506	 -0.540	 -0.135
           1507	 -0.495	 -0.020
           1508	 -0.405	  0.035
           1509	 -0.295	  0.095
           1510	 -0.160	  0.185
           1511	  0.040	  0.315
           1512	  0.315	  0.450
           1513	  0.595	  0.515
           1514	  0.800	  0.450
           1515	  0.885	  0.175
           1516	  0.795	 -0.180
           1517	  0.520	 -0.385
           1518	  0.130	 -0.395
           1519	 -0.215	 -0.345
           1520	 -0.425	 -0.310
           1521	 -0.500	 -0.290
           1522	 -0.490	 -0.275
           1523	 -0.450	 -0.265
           1524	 -0.400	 -0.235
           1525	 -0.390	 -0.250
           1526	 -0.395	 -0.265
           1527	 -0.395	 -0.255
           1528	 -0.400	 -0.245
           1529	 -0.390	 -0.240
           1530	 -0.380	 -0.240
           1531	 -0.385	 -0.250
           1532	 -0.385	 -0.260
           1533	 -0.400	 -0.265
           1534	 -0.410	 -0.275
           1535	 -0.410	 -0.255
           1536	 -0.390	 -0.240
           1537	 -0.390	 -0.245
           1538	 -0.405	 -0.260
           1539	 -0.405	 -0.260
           1540	 -0.415	 -0.265
           1541	 -0.410	 -0.250
           1542	 -0.395	 -0.250
           1543	 -0.395	 -0.245
           1544	 -0.400	 -0.250
           1545	 -0.415	 -0.265
           1546	 -0.415	 -0.255
           1547	 -0.415	 -0.250
           1548	 -0.400	 -0.245
           1549	 -0.390	 -0.245
           1550	 -0.390	 -0.255
           1551	 -0.410	 -0.260
           1552	 -0.415	 -0.250
           1553	 -0.405	 -0.240
           1554	 -0.395	 -0.215
           1555	 -0.395	 -0.230
           1556	 -0.395	 -0.250
           1557	 -0.405	 -0.250
           1558	 -0.410	 -0.255
           1559	 -0.410	 -0.240
           1560	 -0.400	 -0.220
           1561	 -0.390	 -0.235
           1562	 -0.395	 -0.235
           1563	 -0.410	 -0.240
           1564	 -0.425	 -0.255
           1565	 -0.415	 -0.245
           1566	 -0.405	 -0.225
           1567	 -0.410	 -0.230
           1568	 -0.405	 -0.235
           1569	 -0.415	 -0.240
           1570	 -0.425	 -0.240
           1571	 -0.425	 -0.240
           1572	 -0.410	 -0.230
           1573	 -0.395	 -0.245
           1574	 -0.390	 -0.255
           1575	 -0.400	 -0.250
           1576	 -0.410	 -0.250
           1577	 -0.410	 -0.235
           1578	 -0.400	 -0.240
           1579	 -0.390	 -0.235
           1580	 -0.410	 -0.255
           1581	 -0.420	 -0.255
           1582	 -0.420	 -0.255
           1583	 -0.415	 -0.250
           1584	 -0.415	 -0.235
           1585	 -0.405	 -0.260
           1586	 -0.420	 -0.255
           1587	 -0.415	 -0.270
           1588	 -0.425	 -0.285
           1589	 -0.410	 -0.285
           1590	 -0.400	 -0.280
           1591	 -0.405	 -0.285
           1592	 -0.400	 -0.285
           1593	 -0.400	 -0.305
           1594	 -0.410	 -0.295
           1595	 -0.400	 -0.285
           1596	 -0.395	 -0.290
           1597	 -0.395	 -0.305
           1598	 -0.405	 -0.320
           1599	 -0.410	 -0.335
           1600	 -0.425	 -0.340
           1601	 -0.425	 -0.315
           1602	 -0.410	 -0.315
           1603	 -0.410	 -0.330
           1604	 -0.420	 -0.345
           1605	 -0.430	 -0.350
           1606	 -0.445	 -0.355
           1607	 -0.440	 -0.365
           1608	 -0.435	 -0.355
           1609	 -0.430	 -0.365
           1610	 -0.430	 -0.370
           1611	 -0.450	 -0.375
           1612	 -0.445	 -0.375
           1613	 -0.445	 -0.370
           1614	 -0.435	 -0.355
           1615	 -0.435	 -0.360
           1616	 -0.445	 -0.340
           1617	 -0.440	 -0.340
           1618	 -0.450	 -0.330
           1619	 -0.430	 -0.315
           1620	 -0.430	 -0.290
           1621	 -0.415	 -0.275
           1622	 -0.400	 -0.265
           1623	 -0.400	 -0.260
           1624	 -0.385	 -0.245
           1625	 -0.365	 -0.225
           1626	 -0.335	 -0.205
           1627	 -0.330	 -0.200
           1628	 -0.325	 -0.190
           1629	 -0.330	 -0.200
           1630	 -0.330	 -0.185
           1631	 -0.310	 -0.175
           1632	 -0.295	 -0.160
           1633	 -0.285	 -0.155
           1634	 -0.290	 -0.165
           1635	 -0.290	 -0.160
           1636	 -0.310	 -0.170
           1637	 -0.295	 -0.150
           1638	 -0.285	 -0.145
           1639	 -0.280	 -0.150
           1640	 -0.300	 -0.145
           1641	 -0.290	 -0.145
           1642	 -0.295	 -0.155
           1643	 -0.290	 -0.150
           1644	 -0.280	 -0.135
           1645	 -0.275	 -0.145
           1646	 -0.275	 -0.145
           1647	 -0.290	 -0.150
           1648	 -0.290	 -0.145
           1649	 -0.285	 -0.140
           1650	 -0.270	 -0.130
           1651	 -0.270	 -0.135
           1652	 -0.270	 -0.140
           1653	 -0.275	 -0.145
           1654	 -0.290	 -0.165
           1655	 -0.285	 -0.155
           1656	 -0.275	 -0.145
           1657	 -0.275	 -0.150
           1658	 -0.290	 -0.160
           1659	 -0.295	 -0.160
           1660	 -0.305	 -0.160
           1661	 -0.295	 -0.145
           1662	 -0.295	 -0.140
           1663	 -0.285	 -0.150
           1664	 -0.290	 -0.165
           1665	 -0.300	 -0.170
           1666	 -0.305	 -0.165
           1667	 -0.310	 -0.165
           1668	 -0.295	 -0.150
           1669	 -0.300	 -0.150
           1670	 -0.305	 -0.165
           1671	 -0.310	 -0.170
           1672	 -0.325	 -0.180
           1673	 -0.325	 -0.165
           1674	 -0.315	 -0.155
           1675	 -0.310	 -0.160
           1676	 -0.315	 -0.165
           1677	 -0.315	 -0.175
           1678	 -0.325	 -0.180
           1679	 -0.320	 -0.165
           1680	 -0.310	 -0.150
           1681	 -0.320	 -0.170
           1682	 -0.315	 -0.170
           1683	 -0.330	 -0.185
           1684	 -0.330	 -0.175
           1685	 -0.320	 -0.175
           1686	 -0.310	 -0.160
           1687	 -0.310	 -0.165
           1688	 -0.310	 -0.170
           1689	 -0.330	 -0.180
           1690	 -0.335	 -0.175
           1691	 -0.330	 -0.170
           1692	 -0.320	 -0.160
           1693	 -0.325	 -0.160
           1694	 -0.325	 -0.170
           1695	 -0.330	 -0.190
           1696	 -0.335	 -0.165
           1697	 -0.330	 -0.160
           1698	 -0.325	 -0.155
           1699	 -0.325	 -0.160
           1700	 -0.320	 -0.155
           1701	 -0.325	 -0.165
           1702	 -0.330	 -0.185
           1703	 -0.325	 -0.175
           1704	 -0.315	 -0.150
           1705	 -0.305	 -0.155
           1706	 -0.325	 -0.165
           1707	 -0.315	 -0.170
           1708	 -0.335	 -0.170
           1709	 -0.330	 -0.165
           1710	 -0.310	 -0.150
           1711	 -0.320	 -0.160
           1712	 -0.330	 -0.170
           1713	 -0.330	 -0.175
           1714	 -0.335	 -0.180
           1715	 -0.330	 -0.155
           1716	 -0.330	 -0.150
           1717	 -0.320	 -0.145
           1718	 -0.320	 -0.160
           1719	 -0.330	 -0.165
           1720	 -0.330	 -0.160
           1721	 -0.325	 -0.160
           1722	 -0.315	 -0.145
           1723	 -0.315	 -0.150
           1724	 -0.315	 -0.150
           1725	 -0.330	 -0.160
           1726	 -0.330	 -0.160
           1727	 -0.320	 -0.150
           1728	 -0.315	 -0.150
           1729	 -0.305	 -0.150
           1730	 -0.305	 -0.155
           1731	 -0.295	 -0.160
           1732	 -0.315	 -0.160
           1733	 -0.300	 -0.150
           1734	 -0.275	 -0.130
           1735	 -0.255	 -0.150
           1736	 -0.255	 -0.155
           1737	 -0.260	 -0.160
           1738	 -0.265	 -0.150
           1739	 -0.255	 -0.125
           1740	 -0.235	 -0.120
           1741	 -0.230	 -0.115
           1742	 -0.225	 -0.125
           1743	 -0.220	 -0.135
           1744	 -0.220	 -0.140
           1745	 -0.215	 -0.130
           1746	 -0.200	 -0.105
           1747	 -0.205	 -0.105
           1748	 -0.205	 -0.100
           1749	 -0.225	 -0.105
           1750	 -0.235	 -0.090
           1751	 -0.240	 -0.080
           1752	 -0.230	 -0.075
           1753	 -0.215	 -0.090
           1754	 -0.240	 -0.090
           1755	 -0.240	 -0.100
           1756	 -0.250	 -0.100
           1757	 -0.235	 -0.095
           1758	 -0.210	 -0.090
           1759	 -0.200	 -0.110
           1760	 -0.220	 -0.125
           1761	 -0.255	 -0.130
           1762	 -0.275	 -0.120
           1763	 -0.285	 -0.120
           1764	 -0.300	 -0.110
           1765	 -0.305	 -0.110
           1766	 -0.320	 -0.120
           1767	 -0.330	 -0.130
           1768	 -0.325	 -0.140
           1769	 -0.320	 -0.145
           1770	 -0.330	 -0.125
           1771	 -0.330	 -0.130
           1772	 -0.335	 -0.150
           1773	 -0.340	 -0.145
           1774	 -0.345	 -0.140
           1775	 -0.340	 -0.140
           1776	 -0.335	 -0.120
           1777	 -0.320	 -0.135
           1778	 -0.325	 -0.145
           1779	 -0.335	 -0.160
           1780	 -0.345	 -0.150
           1781	 -0.345	 -0.135
           1782	 -0.345	 -0.125
           1783	 -0.335	 -0.135
           1784	 -0.340	 -0.145
           1785	 -0.345	 -0.150
           1786	 -0.355	 -0.160
           1787	 -0.340	 -0.145
           1788	 -0.340	 -0.135
           1789	 -0.340	 -0.135
           1790	 -0.340	 -0.125
           1791	 -0.345	 -0.160
           1792	 -0.355	 -0.175
           1793	 -0.365	 -0.195
           1794	 -0.370	 -0.210
           1795	 -0.405	 -0.230
           1796	 -0.445	 -0.270
           1797	 -0.480	 -0.290
           1798	 -0.495	 -0.280
           1799	 -0.520	 -0.195